L1: 0.218633234500885
L2: 0.19287192821502686
b1: 0.8578089475631714
b2: 0.6640230417251587
cost_final: 0.47639408707618713
g: 9.81
m1: 0.4262316823005676
m2: 8.198355772037758e-08
optimizer_success: false
