L1: 0.3742581605911255
L2: 0.3714258670806885
b1: 0.032928019762039185
b2: 0.5068652629852295
cost_final: 0.004447282757610083
g: 9.81
m1: 0.8284690380096436
m2: 0.42025846242904663
optimizer_success: false
